0 0.0657204 0.0657204
0.001 0.0657096 0.0657096
0.002 0.0656989 0.0656989
0.003 0.0656882 0.0656882
0.004 0.0656775 0.0656775
0.005 0.0656668 0.0656668
0.006 0.0656562 0.0656562
0.007 0.0656455 0.0656455
0.008 0.0656349 0.0656349
0.009 0.0656243 0.0656243
0.01 0.0656137 0.0656137
0.011 0.0656031 0.0656031
0.012 0.0655926 0.0655926
0.013 0.065582 0.065582
0.014 0.0655715 0.0655715
0.015 0.065561 0.065561
0.016 0.0655505 0.0655505
0.017 0.06554 0.06554
0.018 0.0655295 0.0655295
0.019 0.065519 0.065519
0.02 0.0655086 0.0655086
0.021 0.0654982 0.0654982
0.022 0.0654878 0.0654878
0.023 0.0654774 0.0654774
0.024 0.065467 0.065467
0.025 0.0654567 0.0654567
0.026 0.0654463 0.0654463
0.027 0.065436 0.065436
0.028 0.0654257 0.0654257
0.029 0.0654154 0.0654154
0.03 0.0654051 0.0654051
0.031 0.0653949 0.0653949
0.032 0.0653846 0.0653846
0.033 0.0653744 0.0653744
0.034 0.0653642 0.0653642
0.035 0.065354 0.065354
0.036 0.0653439 0.0653439
0.037 0.0653337 0.0653337
0.038 0.0653236 0.0653236
0.039 0.0653134 0.0653134
0.04 0.0653033 0.0653033
0.041 0.0652932 0.0652932
0.042 0.0652832 0.0652832
0.043 0.0652731 0.0652731
0.044 0.0652631 0.0652631
0.045 0.572907 0.18651
0.046 0.57293 0.176013
0.047 0.572952 0.170035
0.048 0.572974 0.165359
0.049 0.572997 0.161386
0.05 0.573019 0.157872
0.051 0.573041 0.154687
0.052 0.573063 0.151753
0.053 0.573086 0.149019
0.054 0.573108 0.146449
0.055 0.57313 0.144017
0.056 0.573152 0.141702
0.057 0.573174 0.13949
0.058 0.573197 0.137368
0.059 0.573219 0.135326
0.06 0.573241 0.133356
0.061 0.573263 0.13145
0.062 0.573285 0.129602
0.063 0.573307 0.127809
0.064 0.573329 0.126064
0.065 0.573351 0.124366
0.066 0.573373 0.122709
0.067 0.573395 0.121091
0.068 0.573417 0.11951
0.069 0.573439 0.117964
0.07 0.573461 0.116449
0.071 0.573483 0.114965
0.072 0.573504 0.113509
0.073 0.573526 0.112081
0.074 0.573548 0.110677
0.075 0.57357 0.109299
0.076 0.573592 0.107943
0.077 0.573614 0.106609
0.078 0.573635 0.105296
0.079 0.573657 0.104003
0.08 0.573679 0.10273
0.081 0.5737 0.101475
0.082 0.573722 0.100237
0.083 0.573744 0.0990163
0.084 0.573765 0.0978118
0.085 0.573787 0.096623
0.086 0.573809 0.0954493
0.087 0.57383 0.0942901
0.088 0.573852 0.0931449
0.089 0.573873 0.0920132
0.09 0.573895 0.0908946
0.091 0.573916 0.0897887
0.092 0.573938 0.088695
0.093 0.573959 0.0876132
0.094 0.573981 0.0865429
0.095 0.574002 0.0854837
0.096 0.574023 0.0844354
0.097 0.574045 0.0833976
0.098 0.574066 0.0823699
0.099 0.574088 0.0813523
0.1 0.574109 0.0803443
0.101 0.57413 0.0793456
0.102 0.574151 0.0783562
0.103 0.574173 0.0773756
0.104 0.574194 0.0764038
0.105 0.574215 0.0754404
0.106 0.574236 0.0744853
0.107 0.574257 0.0735383
0.108 0.574279 0.0725991
0.109 0.5743 0.0716676
0.11 0.574321 0.0707437
0.111 0.574342 0.0698271
0.112 0.574363 0.0689177
0.113 0.574384 0.0680153
0.114 0.574405 0.0671197
0.115 0.574426 0.0662309
0.116 0.574447 0.0653487
0.117 0.574577 0.0645821
0.118 0.575459 0.0645735
0.119 0.576334 0.064565
0.12 0.577204 0.0645565
0.121 0.578067 0.064548
0.122 0.578925 0.0645395
0.123 0.579777 0.0645311
0.124 0.580624 0.0645227
0.125 0.581465 0.0645143
0.126 0.5823 0.0645059
0.127 0.58313 0.0644976
0.128 0.583955 0.0644892
0.129 0.584775 0.0644809
0.13 0.58559 0.0644726
0.131 0.5864 0.0644644
0.132 0.587205 0.0644562
0.133 0.588005 0.0644479
0.134 0.588801 0.0644398
0.135 0.589591 0.0644316
0.136 0.590378 0.0644235
0.137 0.59116 0.0644154
0.138 0.591937 0.0644073
0.139 0.59271 0.0643992
0.14 0.593479 0.0643912
0.141 0.594244 0.0643831
0.142 0.595004 0.0643752
0.143 0.595761 0.0643672
0.144 0.596513 0.0643593
0.145 0.597262 0.0643513
0.146 0.598006 0.0643435
0.147 0.598747 0.0643356
0.148 0.599484 0.0643278
0.149 0.600217 0.0643199
0.15 0.600947 0.0643122
0.151 0.601673 0.0643044
0.152 0.602395 0.0642967
0.153 0.603114 0.064289
0.154 0.603829 0.0642813
0.155 0.604541 0.0642736
0.156 0.605249 0.064266
0.157 0.605955 0.0642584
0.158 0.606656 0.0642508
0.159 0.607355 0.0642432
0.16 0.60805 0.0642357
0.161 0.608742 0.0642282
0.162 0.609432 0.0642208
0.163 0.610117 0.0642133
0.164 0.6108 0.0642059
0.165 0.61148 0.0641985
0.166 0.612157 0.0641911
0.167 0.612831 0.0641838
0.168 0.613502 0.0641765
0.169 0.61417 0.0641692
0.17 0.614835 0.064162
0.171 0.615498 0.0641547
0.172 0.616158 0.0641475
0.173 0.616815 0.0641404
0.174 0.617469 0.0641332
0.175 0.61812 0.0641261
0.176 0.618769 0.064119
0.177 0.619415 0.064112
0.178 0.620059 0.0641049
0.179 0.6207 0.064098
0.18 0.621339 0.064091
0.181 0.621975 0.064084
0.182 0.622608 0.0640771
0.183 0.623239 0.0640702
0.184 0.623868 0.0640634
0.185 0.624494 0.0640566
0.186 0.625118 0.0640498
0.187 0.62574 0.064043
0.188 0.626359 0.0640363
0.189 0.626976 0.0640296
0.19 0.62759 0.0640229
0.191 0.628202 0.0640163
0.192 0.628812 0.0640096
0.193 0.62942 0.0640031
0.194 0.630026 0.0639965
0.195 0.630629 0.06399
0.196 0.63123 0.0639835
0.197 0.63183 0.063977
0.198 0.632427 0.0639706
0.199 0.633022 0.0639642
0.2 0.633614 0.0639578
0.201 0.634205 0.0639515
0.202 0.634794 0.0639452
0.203 0.635381 0.0639389
0.204 0.635965 0.0639327
0.205 0.636548 0.0639265
0.206 0.637129 0.0639203
0.207 0.637708 0.0639142
0.208 0.638284 0.0639081
0.209 0.638859 0.063902
0.21 0.639433 0.0638959
0.211 0.640004 0.0638899
0.212 0.640573 0.063884
0.213 0.64114 0.063878
0.214 0.641706 0.0638721
0.215 0.64227 0.0638662
0.216 0.642832 0.0638604
0.217 0.643392 0.0638546
0.218 0.643951 0.0638488
0.219 0.644507 0.0638431
0.22 0.645062 0.0638373
0.221 0.645616 0.0638317
0.222 0.646167 0.063826
0.223 0.646717 0.0638204
0.224 0.647265 0.0638149
0.225 0.647812 0.0638093
0.226 0.648356 0.0638038
0.227 0.648899 0.0637984
0.228 0.649441 0.0637929
0.229 0.649981 0.0637875
0.23 0.650519 0.0637822
0.231 0.651056 0.0637769
0.232 0.651591 0.0637716
0.233 0.652125 0.0637663
0.234 0.652657 0.0637611
0.235 0.653187 0.0637559
0.236 0.653716 0.0637508
0.237 0.654243 0.0637457
0.238 0.654769 0.0637406
0.239 0.655294 0.0637356
0.24 0.655816 0.0637306
0.241 0.656338 0.0637257
0.242 0.656858 0.0637208
0.243 0.657376 0.0637159
0.244 0.657893 0.063711
0.245 0.658409 0.0637062
0.246 0.658923 0.0637015
0.247 0.659436 0.0636968
0.248 0.659947 0.0636921
0.249 0.660457 0.0636874
0.25 0.660966 0.0636828
0.251 0.661473 0.0636783
0.252 0.661979 0.0636737
0.253 0.662483 0.0636693
0.254 0.662986 0.0636648
0.255 0.663488 0.0636604
0.256 0.663988 0.063656
0.257 0.664488 0.0636517
0.258 0.664985 0.0636474
0.259 0.665482 0.0636432
0.26 0.665977 0.063639
0.261 0.666471 0.0636348
0.262 0.666964 0.0636307
0.263 0.667455 0.0636266
0.264 0.667945 0.0636226
0.265 0.668434 0.0636186
0.266 0.668922 0.0636147
0.267 0.669408 0.0636108
0.268 0.669893 0.0636069
0.269 0.670377 0.0636031
0.27 0.67086 0.0635993
0.271 0.671341 0.0635956
0.272 0.671822 0.0635919
0.273 0.672301 0.0635882
0.274 0.672779 0.0635846
0.275 0.673255 0.0635811
0.276 0.673731 0.0635776
0.277 0.674205 0.0635741
0.278 0.674679 0.0635707
0.279 0.675151 0.0635673
0.28 0.675622 0.063564
0.281 0.676092 0.0635607
0.282 0.67656 0.0635574
0.283 0.677028 0.0635542
0.284 0.677494 0.0635511
0.285 0.67796 0.063548
0.286 0.678424 0.0635449
0.287 0.678887 0.0635419
0.288 0.679349 0.063539
0.289 0.67981 0.063536
0.29 0.68027 0.0635332
0.291 0.680729 0.0635304
0.292 0.681187 0.0635276
0.293 0.681644 0.0635249
0.294 0.682099 0.0635222
0.295 0.682554 0.0635196
0.296 0.683008 0.063517
0.297 0.68346 0.0635145
0.298 0.683912 0.063512
0.299 0.684362 0.0635096
0.3 0.684812 0.0635072
0.301 0.68526 0.0635049
0.302 0.685708 0.0635026
0.303 0.686155 0.0635004
0.304 0.6866 0.0634983
0.305 0.687045 0.0634961
0.306 0.687488 0.0634941
0.307 0.687931 0.0634921
0.308 0.688372 0.0634901
0.309 0.688813 0.0634882
0.31 0.689253 0.0634864
0.311 0.689691 0.0634846
0.312 0.690129 0.0634828
0.313 0.690566 0.0634811
0.314 0.691002 0.0634795
0.315 0.691437 0.0634779
0.316 0.691871 0.0634764
0.317 0.692304 0.0634749
0.318 0.692736 0.0634735
0.319 0.693167 0.0634721
0.32 0.693598 0.0634708
0.321 0.694027 0.0634696
0.322 0.694455 0.0634684
0.323 0.694883 0.0634673
0.324 0.69531 0.0634662
0.325 0.695736 0.0634652
0.326 0.696161 0.0634642
0.327 0.696585 0.0634633
0.328 0.697008 0.0634625
0.329 0.69743 0.0634617
0.33 0.697852 0.063461
0.331 0.698272 0.0634603
0.332 0.698692 0.0634597
0.333 0.699111 0.0634592
0.334 0.699529 0.0634587
0.335 0.699946 0.0634583
0.336 0.700362 0.0634579
0.337 0.700778 0.0634576
0.338 0.701192 0.0634574
0.339 0.701606 0.0634572
0.34 0.702019 0.0634571
0.341 0.702431 0.063457
0.342 0.702843 0.0634571
0.343 0.703253 0.0634572
0.344 0.703663 0.0634573
0.345 0.704072 0.0634575
0.346 0.70448 0.0634578
0.347 0.704887 0.0634581
0.348 0.705294 0.0634585
0.349 0.7057 0.063459
0.35 0.706105 0.0634596
0.351 0.706509 0.0634602
0.352 0.706912 0.0634608
0.353 0.707315 0.0634616
0.354 0.707717 0.0634624
0.355 0.708118 0.0634633
0.356 0.708518 0.0634642
0.357 0.708917 0.0634653
0.358 0.709316 0.0634664
0.359 0.709714 0.0634675
0.36 0.710111 0.0634688
0.361 0.710508 0.0634701
0.362 0.710904 0.0634714
0.363 0.711299 0.0634729
0.364 0.711693 0.0634744
0.365 0.712086 0.063476
0.366 0.712479 0.0634777
0.367 0.712871 0.0634794
0.368 0.713262 0.0634812
0.369 0.713653 0.0634831
0.37 0.714043 0.0634851
0.371 0.714432 0.0634872
0.372 0.714821 0.0634893
0.373 0.715208 0.0634915
0.374 0.715595 0.0634938
0.375 0.715982 0.0634961
0.376 0.716367 0.0634986
0.377 0.716752 0.0635011
0.378 0.717136 0.0635037
0.379 0.71752 0.0635063
0.38 0.717903 0.0635091
0.381 0.718285 0.0635119
0.382 0.718666 0.0635148
0.383 0.719047 0.0635178
0.384 0.719427 0.0635209
0.385 0.719806 0.0635241
0.386 0.720185 0.0635273
0.387 0.720563 0.0635307
0.388 0.72094 0.0635341
0.389 0.721317 0.0635376
0.39 0.721693 0.0635412
0.391 0.722069 0.0635449
0.392 0.722443 0.0635487
0.393 0.722817 0.0635525
0.394 0.723191 0.0635565
0.395 0.723564 0.0635605
0.396 0.723936 0.0635646
0.397 0.724307 0.0635688
0.398 0.724678 0.0635731
0.399 0.725048 0.0635775
0.4 0.725418 0.063582
0.401 0.725786 0.0635866
0.402 0.726155 0.0635913
0.403 0.726522 0.063596
0.404 0.726889 0.0636009
0.405 0.727256 0.0636059
0.406 0.727621 0.0636109
0.407 0.727987 0.0636161
0.408 0.728351 0.0636213
0.409 0.728715 0.0636267
0.41 0.729078 0.0636322
0.411 0.729441 0.0636377
0.412 0.729803 0.0636434
0.413 0.730164 0.0636491
0.414 0.730525 0.063655
0.415 0.730885 0.0636609
0.416 0.731245 0.063667
0.417 0.731604 0.0636732
0.418 0.731963 0.0636794
0.419 0.73232 0.0636858
0.42 0.732678 0.0636923
0.421 0.733034 0.0636989
0.422 0.73339 0.0637056
0.423 0.733746 0.0637124
0.424 0.734101 0.0637193
0.425 0.734455 0.0637264
0.426 0.734809 0.0637335
0.427 0.735162 0.0637408
0.428 0.735514 0.0637482
0.429 0.735866 0.0637556
0.43 0.736218 0.0637632
0.431 0.736569 0.063771
0.432 0.736919 0.0637788
0.433 0.737269 0.0637868
0.434 0.737618 0.0637948
0.435 0.737966 0.063803
0.436 0.738314 0.0638113
0.437 0.738662 0.0638198
0.438 0.739009 0.0638283
0.439 0.739355 0.063837
0.44 0.739701 0.0638458
0.441 0.740046 0.0638548
0.442 0.740391 0.0638638
0.443 0.740735 0.063873
0.444 0.741079 0.0638824
0.445 0.741422 0.0638918
0.446 0.741764 0.0639014
0.447 0.742106 0.0639111
0.448 0.742448 0.063921
0.449 0.742789 0.0639309
0.45 0.743129 0.0639411
0.451 0.743469 0.0639513
0.452 0.743808 0.0639617
0.453 0.744147 0.0639723
0.454 0.744486 0.0639829
0.455 0.744823 0.0639937
0.456 0.745161 0.0640047
0.457 0.745497 0.0640158
0.458 0.745833 0.0640271
0.459 0.746169 0.0640385
0.46 0.746504 0.06405
0.461 0.746839 0.0640617
0.462 0.747173 0.0640735
0.463 0.747507 0.0640855
0.464 0.74784 0.0640977
0.465 0.748172 0.06411
0.466 0.748504 0.0641225
0.467 0.748836 0.0641351
0.468 0.749167 0.0641479
0.469 0.749498 0.0641608
0.47 0.749828 0.0641739
0.471 0.750157 0.0641872
0.472 0.750486 0.0642006
0.473 0.750815 0.0642142
0.474 0.751143 0.064228
0.475 0.751471 0.0642419
0.476 0.751798 0.064256
0.477 0.752124 0.0642703
0.478 0.75245 0.0642848
0.479 0.752776 0.0642994
0.48 0.753101 0.0643142
0.481 0.753426 0.0643292
0.482 0.75375 0.0643444
0.483 0.754074 0.0643597
0.484 0.754397 0.0643753
0.485 0.75472 0.064391
0.486 0.755042 0.0644069
0.487 0.755364 0.064423
0.488 0.755685 0.0644394
0.489 0.756006 0.0644559
0.49 0.756327 0.0644726
0.491 0.756646 0.0644894
0.492 0.756966 0.0645065
0.493 0.757285 0.0645238
0.494 0.757603 0.0645413
0.495 0.757921 0.0645591
0.496 0.758239 0.064577
0.497 0.758556 0.0645951
0.498 0.758873 0.0646135
0.499 0.759189 0.064632
0.5 0.759505 0.0646508
0.501 0.75982 0.0646698
0.502 0.760135 0.0646891
0.503 0.760449 0.0647085
0.504 0.760763 0.0647282
0.505 0.761077 0.0647481
0.506 0.76139 0.0647683
0.507 0.761703 0.0647886
0.508 0.762015 0.0648093
0.509 0.762326 0.0648301
0.51 0.762638 0.0648512
0.511 0.762949 0.0648726
0.512 0.763259 0.0648942
0.513 0.763569 0.0649161
0.514 0.763878 0.0649382
0.515 0.764187 0.0649606
0.516 0.764496 0.0649832
0.517 0.764804 0.0650061
0.518 0.765112 0.0650293
0.519 0.765419 0.0650527
0.52 0.765726 0.0650764
0.521 0.766033 0.0651004
0.522 0.766339 0.0651247
0.523 0.766645 0.0651493
0.524 0.76695 0.0651741
0.525 0.767254 0.0651993
0.526 0.767559 0.0652247
0.527 0.767863 0.0652505
0.528 0.768166 0.0652765
0.529 0.768469 0.0653029
0.53 0.768772 0.0653295
0.531 0.769074 0.0653565
0.532 0.769376 0.0653838
0.533 0.769677 0.0654115
0.534 0.769978 0.0654394
0.535 0.770279 0.0654677
0.536 0.770579 0.0654963
0.537 0.770879 0.0655253
0.538 0.771178 0.0655546
0.539 0.771477 0.0655843
0.54 0.771776 0.0656143
0.541 0.772074 0.0656447
0.542 0.772372 0.0656754
0.543 0.772669 0.0657066
0.544 0.772966 0.0657381
0.545 0.773262 0.06577
0.546 0.773559 0.0658022
0.547 0.773854 0.0658349
0.548 0.77415 0.065868
0.549 0.774444 0.0659014
0.55 0.774739 0.0659353
0.551 0.775033 0.0659696
0.552 0.775327 0.0660044
0.553 0.77562 0.0660395
0.554 0.775913 0.0660751
0.555 0.776206 0.0661112
0.556 0.776498 0.0661477
0.557 0.77679 0.0661846
0.558 0.777081 0.0662221
0.559 0.777372 0.06626
0.56 0.777662 0.0662984
0.561 0.777953 0.0663372
0.562 0.778242 0.0663766
0.563 0.778532 0.0664165
0.564 0.778821 0.0664569
0.565 0.77911 0.0664978
0.566 0.779398 0.0665393
0.567 0.779686 0.0665813
0.568 0.779973 0.0666238
0.569 0.780261 0.066667
0.57 0.780547 0.0667107
0.571 0.780834 0.0667549
0.572 0.78112 0.0667998
0.573 0.781405 0.0668453
0.574 0.781691 0.0668914
0.575 0.781976 0.0669381
0.576 0.78226 0.0669855
0.577 0.782544 0.0670335
0.578 0.782828 0.0670822
0.579 0.783111 0.0671316
0.58 0.783394 0.0671816
0.581 0.783677 0.0672324
0.582 0.783959 0.0672839
0.583 0.784241 0.0673361
0.584 0.784523 0.0673891
0.585 0.784804 0.0674429
0.586 0.785085 0.0674974
0.587 0.785366 0.0675528
0.588 0.785646 0.0676089
0.589 0.785925 0.0676659
0.59 0.786205 0.0677238
0.591 0.786484 0.0677826
0.592 0.786763 0.0678422
0.593 0.787041 0.0679028
0.594 0.787319 0.0679643
0.595 0.787597 0.0680268
0.596 0.787874 0.0680903
0.597 0.788151 0.0681548
0.598 0.788427 0.0682203
0.599 0.788703 0.0682869
0.6 0.788979 0.0683546
0.601 0.789255 0.0684234
0.602 0.78953 0.0684934
0.603 0.789805 0.0685646
0.604 0.790079 0.068637
0.605 0.790353 0.0687106
0.606 0.790627 0.0687855
0.607 0.790901 0.0688618
0.608 0.791174 0.0689395
0.609 0.791446 0.0690185
0.61 0.791719 0.069099
0.611 0.791991 0.0691811
0.612 0.792263 0.0692646
0.613 0.792534 0.0693498
0.614 0.792805 0.0694366
0.615 0.793076 0.0695252
0.616 0.793346 0.0696155
0.617 0.793616 0.0697076
0.618 0.793886 0.0698017
0.619 0.794155 0.0698977
0.62 0.794424 0.0699958
0.621 0.794693 0.070096
0.622 0.794961 0.0701984
0.623 0.795229 0.0703032
0.624 0.795497 0.0704103
0.625 0.795764 0.0705199
0.626 0.796031 0.0706322
0.627 0.796298 0.0707472
0.628 0.796564 0.070865
0.629 0.79683 0.0709859
0.63 0.797096 0.0711099
0.631 0.797361 0.0712372
0.632 0.797626 0.071368
0.633 0.797891 0.0715025
0.634 0.798155 0.0716409
0.635 0.798419 0.0717833
0.636 0.798683 0.0719302
0.637 0.798946 0.0720816
0.638 0.799209 0.0722381
0.639 0.799472 0.0723997
0.64 0.799735 0.0725671
0.641 0.799997 0.0727405
0.642 0.800258 0.0729205
0.643 0.80052 0.0731076
0.644 0.800781 0.0733024
0.645 0.801042 0.0735056
0.646 0.801302 0.0737181
0.647 0.801563 0.0739407
0.648 0.801823 0.0741748
0.649 0.802082 0.0744216
0.65 0.802341 0.0746827
0.651 0.8026 0.0749604
0.652 0.802859 0.075257
0.653 0.803117 0.075576
0.654 0.803375 0.0759217
0.655 0.803633 0.0763001
0.656 0.80389 0.07672
0.657 0.804147 0.0771947
0.658 0.804404 0.0777465
0.659 0.804661 0.0784185
0.66 0.804917 0.0793208
0.661 0.805173 0.0812426
0.662 0.805428 0.805428
0.663 0.805683 0.805683
0.664 0.805938 0.805938
0.665 0.806193 0.806193
0.666 0.806447 0.806447
0.667 0.806701 0.806701
0.668 0.806955 0.806955
0.669 0.807208 0.807208
0.67 0.807462 0.807462
0.671 0.807714 0.807714
0.672 0.807967 0.807967
0.673 0.808219 0.808219
0.674 0.808471 0.808471
0.675 0.808723 0.808723
0.676 0.808974 0.808974
0.677 0.809225 0.809225
0.678 0.809476 0.809476
0.679 0.809726 0.809726
0.68 0.809976 0.809976
0.681 0.810226 0.810226
0.682 0.810475 0.810475
0.683 0.810725 0.810725
0.684 0.810974 0.810974
0.685 0.811222 0.811222
0.686 0.811471 0.811471
0.687 0.811719 0.811719
0.688 0.811966 0.811966
0.689 0.812214 0.812214
0.69 0.812461 0.812461
0.691 0.812708 0.812708
0.692 0.812955 0.812955
0.693 0.813201 0.813201
0.694 0.813447 0.813447
0.695 0.813693 0.813693
0.696 0.813938 0.813938
0.697 0.814183 0.814183
0.698 0.814428 0.814428
0.699 0.814673 0.814673
0.7 0.814917 0.814917
0.701 0.815161 0.815161
0.702 0.815405 0.815405
0.703 0.815649 0.815649
0.704 0.815892 0.815892
0.705 0.816135 0.816135
0.706 0.816377 0.816377
0.707 0.81662 0.81662
0.708 0.816862 0.816862
0.709 0.817103 0.817103
0.71 0.817345 0.817345
0.711 0.817586 0.817586
0.712 0.817827 0.817827
0.713 0.818068 0.818068
0.714 0.818308 0.818308
0.715 0.818548 0.818548
0.716 0.818788 0.818788
0.717 0.819028 0.819028
0.718 0.819267 0.819267
0.719 0.819506 0.819506
0.72 0.819745 0.819745
0.721 0.819983 0.819983
0.722 0.820221 0.820221
0.723 0.820459 0.820459
0.724 0.820697 0.820697
0.725 0.820934 0.820934
0.726 0.821171 0.821171
0.727 0.821408 0.821408
0.728 0.821645 0.821645
0.729 0.821881 0.821881
0.73 0.822117 0.822117
0.731 0.822353 0.822353
0.732 0.822588 0.822588
0.733 0.822824 0.822824
0.734 0.823059 0.823059
0.735 0.823293 0.823293
0.736 0.823528 0.823528
0.737 0.823762 0.823762
0.738 0.823996 0.823996
0.739 0.824229 0.824229
0.74 0.824463 0.824463
0.741 0.824696 0.824696
0.742 0.824929 0.824929
0.743 0.825161 0.825161
0.744 0.825394 0.825394
0.745 0.825626 0.825626
0.746 0.825857 0.825857
0.747 0.826089 0.826089
0.748 0.82632 0.82632
0.749 0.826551 0.826551
0.75 0.826782 0.826782
0.751 0.827012 0.827012
0.752 0.827243 0.827243
0.753 0.827473 0.827473
0.754 0.827702 0.827702
0.755 0.827932 0.827932
0.756 0.828161 0.828161
0.757 0.82839 0.82839
0.758 0.828619 0.828619
0.759 0.828847 0.828847
0.76 0.829075 0.829075
0.761 0.829303 0.829303
0.762 0.829531 0.829531
0.763 0.829758 0.829758
0.764 0.829985 0.829985
0.765 0.830212 0.830212
0.766 0.830439 0.830439
0.767 0.830665 0.830665
0.768 0.830891 0.830891
0.769 0.831117 0.831117
0.77 0.831343 0.831343
0.771 0.831568 0.831568
0.772 0.831793 0.831793
0.773 0.832018 0.832018
0.774 0.832243 0.832243
0.775 0.832467 0.832467
0.776 0.832691 0.832691
0.777 0.832915 0.832915
0.778 0.833139 0.833139
0.779 0.833362 0.833362
0.78 0.833586 0.833586
0.781 0.833808 0.833808
0.782 0.834031 0.834031
0.783 0.834254 0.834254
0.784 0.834476 0.834476
0.785 0.834698 0.834698
0.786 0.834919 0.834919
0.787 0.835141 0.835141
0.788 0.835362 0.835362
0.789 0.835583 0.835583
0.79 0.835804 0.835804
0.791 0.836024 0.836024
0.792 0.836244 0.836244
0.793 0.836464 0.836464
0.794 0.836684 0.836684
0.795 0.836903 0.836903
0.796 0.837123 0.837123
0.797 0.837342 0.837342
0.798 0.837561 0.837561
0.799 0.837779 0.837779
0.8 0.837997 0.837997
0.801 0.838215 0.838215
0.802 0.838433 0.838433
0.803 0.838651 0.838651
0.804 0.838868 0.838868
0.805 0.839085 0.839085
0.806 0.839302 0.839302
0.807 0.839519 0.839519
0.808 0.839735 0.839735
0.809 0.839951 0.839951
0.81 0.840167 0.840167
0.811 0.840383 0.840383
0.812 0.840598 0.840598
0.813 0.840814 0.840814
0.814 0.841029 0.841029
0.815 0.841243 0.841243
0.816 0.841458 0.841458
0.817 0.841672 0.841672
0.818 0.841886 0.841886
0.819 0.8421 0.8421
0.82 0.842314 0.842314
0.821 0.842527 0.842527
0.822 0.84274 0.84274
0.823 0.842953 0.842953
0.824 0.843166 0.843166
0.825 0.843378 0.843378
0.826 0.84359 0.84359
0.827 0.843802 0.843802
0.828 0.844014 0.844014
0.829 0.844226 0.844226
0.83 0.844437 0.844437
0.831 0.844648 0.844648
0.832 0.844859 0.844859
0.833 0.845069 0.845069
0.834 0.84528 0.84528
0.835 0.84549 0.84549
0.836 0.8457 0.8457
0.837 0.84591 0.84591
0.838 0.846119 0.846119
0.839 0.846328 0.846328
0.84 0.846537 0.846537
0.841 0.846746 0.846746
0.842 0.846955 0.846955
0.843 0.847163 0.847163
0.844 0.847371 0.847371
0.845 0.847579 0.847579
0.846 0.847787 0.847787
0.847 0.847994 0.847994
0.848 0.848202 0.848202
0.849 0.848409 0.848409
0.85 0.848615 0.848615
0.851 0.848822 0.848822
0.852 0.849028 0.849028
0.853 0.849235 0.849235
0.854 0.84944 0.84944
0.855 0.849646 0.849646
0.856 0.849852 0.849852
0.857 0.850057 0.850057
0.858 0.850262 0.850262
0.859 0.850467 0.850467
0.86 0.850671 0.850671
0.861 0.850876 0.850876
0.862 0.85108 0.85108
0.863 0.851284 0.851284
0.864 0.851488 0.851488
0.865 0.851691 0.851691
0.866 0.851894 0.851894
0.867 0.852098 0.852098
0.868 0.8523 0.8523
0.869 0.852503 0.852503
0.87 0.852705 0.852705
0.871 0.852908 0.852908
0.872 0.85311 0.85311
0.873 0.853312 0.853312
0.874 0.853513 0.853513
0.875 0.853714 0.853714
0.876 0.853916 0.853916
0.877 0.854117 0.854117
0.878 0.854317 0.854317
0.879 0.854518 0.854518
0.88 0.854718 0.854718
0.881 0.854918 0.854918
0.882 0.855118 0.855118
0.883 0.855318 0.855318
0.884 0.855517 0.855517
0.885 0.855716 0.855716
0.886 0.855915 0.855915
0.887 0.856114 0.856114
0.888 0.856313 0.856313
0.889 0.856511 0.856511
0.89 0.85671 0.85671
0.891 0.856908 0.856908
0.892 0.857105 0.857105
0.893 0.857303 0.857303
0.894 0.8575 0.8575
0.895 0.857697 0.857697
0.896 0.857894 0.857894
0.897 0.858091 0.858091
0.898 0.858288 0.858288
0.899 0.858484 0.858484
0.9 0.85868 0.85868
0.901 0.858876 0.858876
0.902 0.859072 0.859072
0.903 0.859267 0.859267
0.904 0.859463 0.859463
0.905 0.859658 0.859658
0.906 0.859852 0.859852
0.907 0.860047 0.860047
0.908 0.860242 0.860242
0.909 0.860436 0.860436
0.91 0.86063 0.86063
0.911 0.860824 0.860824
0.912 0.861018 0.861018
0.913 0.861211 0.861211
0.914 0.861404 0.861404
0.915 0.861597 0.861597
0.916 0.86179 0.86179
0.917 0.861983 0.861983
0.918 0.862175 0.862175
0.919 0.862368 0.862368
0.92 0.86256 0.86256
0.921 0.862751 0.862751
0.922 0.862943 0.862943
0.923 0.863135 0.863135
0.924 0.863326 0.863326
0.925 0.863517 0.863517
0.926 0.863708 0.863708
0.927 0.863898 0.863898
0.928 0.864089 0.864089
0.929 0.864279 0.864279
0.93 0.864469 0.864469
0.931 0.864659 0.864659
0.932 0.864849 0.864849
0.933 0.865038 0.865038
0.934 0.865227 0.865227
0.935 0.865416 0.865416
0.936 0.865605 0.865605
0.937 0.865794 0.865794
0.938 0.865982 0.865982
0.939 0.866171 0.866171
0.94 0.866359 0.866359
0.941 0.866547 0.866547
0.942 0.866734 0.866734
0.943 0.866922 0.866922
0.944 0.867109 0.867109
0.945 0.867296 0.867296
0.946 0.867483 0.867483
0.947 0.86767 0.86767
0.948 0.867856 0.867856
0.949 0.868043 0.868043
0.95 0.868229 0.868229
0.951 0.868415 0.868415
0.952 0.868601 0.868601
0.953 0.868786 0.868786
0.954 0.868971 0.868971
0.955 0.869157 0.869157
0.956 0.869342 0.869342
0.957 0.869526 0.869526
0.958 0.869711 0.869711
0.959 0.869895 0.869895
0.96 0.87008 0.87008
0.961 0.870264 0.870264
0.962 0.870447 0.870447
0.963 0.870631 0.870631
0.964 0.870815 0.870815
0.965 0.870998 0.870998
0.966 0.871181 0.871181
0.967 0.871364 0.871364
0.968 0.871546 0.871546
0.969 0.871729 0.871729
0.97 0.871911 0.871911
0.971 0.872093 0.872093
0.972 0.872275 0.872275
0.973 0.872457 0.872457
0.974 0.872639 0.872639
0.975 0.87282 0.87282
0.976 0.873001 0.873001
0.977 0.873182 0.873182
0.978 0.873363 0.873363
0.979 0.873544 0.873544
0.98 0.873724 0.873724
0.981 0.873904 0.873904
0.982 0.874084 0.874084
0.983 0.874264 0.874264
0.984 0.874444 0.874444
0.985 0.874624 0.874624
0.986 0.874803 0.874803
0.987 0.874982 0.874982
0.988 0.875161 0.875161
0.989 0.87534 0.87534
0.99 0.875518 0.875518
0.991 0.875697 0.875697
0.992 0.875875 0.875875
0.993 0.876053 0.876053
0.994 0.876231 0.876231
0.995 0.876408 0.876408
0.996 0.876586 0.876586
0.997 0.876763 0.876763
0.998 0.87694 0.87694
0.999 0.877117 0.877117
